000000
000001
000002
000005
000006
000007
000008
000009
000010
000012
000015
000016
000018
000019
000020
000021
000022
000023
000024
000025
000026
000030
000032
000033
000034
000036
000037
000038
000039
000040
000041
000042
000043
000044
000045
000046
000047
000048
000049
000050
000051
000052
000053
000055
000056
000057
000058
000059
000060
000061
000062
000063
000065
000066
000067
000068
000070
000071
000072
000073
000074
000076
000077
000078
000079
000080
000082
000083
000084
000085
000087
000089
000090
000091
000092
000093
000095
000096
000098
000099
000100
000101
000102
000105
000106
000107
000108
000109
000110
000112
000115
000116
000118
000119
000120
000121
000122
000123
000124
000125
000126
000130
000132
000133
000134
000136
000137
000138
000139
000140
000141
000142
000143
000144
000145
000146
000147
000148
000149
000150
000151
000152
000153
000155
000156
000157
000158
000159
000160
000161
000162
000163
000165
000166
000167
000168
000170
000171
000172
000173
000174
000176
000177
000178
000179
000180
000182
000183
000184
000185
000187
000189
000190
000191
000192
000193
000195
000196
000198
000199
000200
000201
000202
000205
000206
000207
000208
000209
000210
000212
000215
000216
000218
000219
000220
000221
000222
000223
000224
000225
000226
000230
000232
000233
000234
000236
000237
000238
000239
000240
000241
000242
000243
000244
000245
000246
000247
000248
000249
000250
000251
000252
000253
000255
000256
000257
000258
000259
000260
000261
000262
000263
000265
000266
000267
000268
000270
000271
000272
000273
000274
000276
000277
000278
000279
000280
000282
000283
000284
000285
000287
000289
000290
000291
000292
000293
000295
000296
000298
000299